%YAML:1.0
aruco_bc_nmarkers: 6
aruco_bc_mInfoType: 0
aruco_bc_markers:
   - { id:817, corners:[ [ -550., -850., 0. ], [ -50., -850., 0. ], [
       -50., -350., 0. ], [ -550., -350., 0. ] ] }
   - { id:215, corners:[ [ 50., -850., 0. ], [ 550., -850., 0. ], [ 550.,
       -350., 0. ], [ 50., -350., 0. ] ] }
   - { id:521, corners:[ [ -550., -250., 0. ], [ -50., -250., 0. ], [
       -50., 250., 0. ], [ -550., 250., 0. ] ] }
   - { id:355, corners:[ [ 50., -250., 0. ], [ 550., -250., 0. ], [ 550.,
       250., 0. ], [ 50., 250., 0. ] ] }
   - { id:915, corners:[ [ -550., 350., 0. ], [ -50., 350., 0. ], [ -50.,
       850., 0. ], [ -550., 850., 0. ] ] }
   - { id:112, corners:[ [ 50., 350., 0. ], [ 550., 350., 0. ], [ 550.,
       850., 0. ], [ 50., 850., 0. ] ] }
