start_pose_omnirob:
  [-0.0889889, 0.996033, 0, 0, -0.996033, -0.0889889, 0, 0, 0, 0, 1, 0, -2.30454, 2.71881, 0, 1]
start_arm_pose_omnirob:
  [2.00905, 0.566961, -0.0395269, -1.61758, 1.64648, -1.61759, -1.69953]
start_arm_pose_iiwa:
  [1.2858, 1.13558, -0.551794, -0.722711, -1.23992, 1.05568, 0.585669]
pose_platform_shelf:
  [0.975278, -0.220982, -0, 0, 0.220982, 0.975278, 0, 0, 0, -0, 1, 0, -0.138522, 4.40329, 0, 1]
pose_platform_shelf2:
  [0.975278, -0.220982, -0, 0, 0.220982, 0.975278, 0, 0, 0, -0, 1, 0, -0.138522, 4.00329, 0, 1]
pose_platform_table:
  [-0.988281, -0.152645, 0, 0, 0.152645, -0.988281, 0, 0, 0, 0, 1, 0, 0.522647, 3.58629, 0, 1]
pose_eef_transport:
  [-0.214083, -0.976238, 0.0335817, 0, -0.00527261, 0.0355331, 0.999355, 0, -0.976801, 0.213768, -0.0127543, 0, -0.404083, -0.449967, 0.51198, 1]
pose_bottle_table:
  [-0.678419, -0.733885, -0.0340505, 0, -0.00715611, -0.0397445, 0.999184, 0, -0.73464, 0.67811, 0.0217117, 0, 0.224664, 2.66597, 0.901504, 1]
pose_iiwa_drinking:
  [1.4165028450303299, 1.3470882969954727, -0.6071805144226126, -0.749566109029372, -1.17472555404753, 1.0324400756062575, 0.4624259981692958]