#startposeomnirob:
#  [-0.0889889, 0.996033, 0, 0, -0.996033, -0.0889889, 0, 0, 0, 0, 1, 0, -2.30454, 2.71881, 0, 1]
#startarmposeomnirob:
#  [2.00905, 0.566961, -0.0395269, -1.61758, 1.64648, -1.61759, -1.69953]
#startarmposeiiwa:
#  [2.90178, 0.782456, -0.00774666, -1.48218, 1.6569, -1.79372, -2.3862]
#iiwainitdrinking:
#  [-0.00013439, 1, -9.66321e-05, 0, 0.000139477, 9.66509e-05, 1, 0, 1, 0.000134376, -0.00013949, 0, 0.599944, 0.700046, 0.299834, 1]
#poseplatformshelf:
#  [0.975278, -0.220982, -0, 0, 0.220982, 0.975278, 0, 0, 0, -0, 1, 0, -0.138522, 4.40329, 0, 1]
#poseplatformshelf2:
#  [0.975278, -0.220982, -0, 0, 0.220982, 0.975278, 0, 0, 0, -0, 1, 0, -0.138522, 4.00329, 0, 1]
#poseplatformtable:
#  [-0.995589, -0.0938184, 0, 0, 0.0938184, -0.995589, 0, 0, 0, 0, 1, 0, 0.411798, 3.73828, 0, 1]
#poseeeftransport:
#  [1, 0, 0, 0, 0, 0, 1, 0, 0, -1, 0, 0, -0.1, -0.6, 0.55, 1]
#posebottletable:
#  [-0.678419, -0.733885, -0.0340505, 0, -0.00715611, -0.0397445, 0.999184, 0, -0.73464, 0.67811, 0.0217117, 0, 0.224664, 2.66597, 0.901504, 1]
#poseiiwadrinking:
#  [1.4165028450303299, 1.3470882969954727, -0.6071805144226126, -0.749566109029372, -1.17472555404753, 1.0324400756062575, 0.4624259981692958]
#poseshelftotable:  
#  [-0.0762777, -0.997087, -0, 0, 0.997087, -0.0762777, 0, 0, 0, -0, 1, 0, -1.03449, 4.33399, 0, 1]
available:
    [baseinit, arminit, shelfleft, shelfright, table1, wheelchair, poseeeftransport, facepreposition]
poses:
    baseinit:
      [0.260114, -0.965578, -0, 0, 0.965578, 0.260114, 0, 0, 0, -0, 1, 0, -3.26872, 0.647815, 0, 1]
    arminit:
      [-0.752840470973604, -0.28984715802804323, -0.30088006481454654, 0.7843073259496598, 1.5997037129086993, 1.701188935729647, 1.0862197704612802]
    shelfleft:
      [0.986218, -0.16545, -0, 0, 0.16545, 0.986218, 0, 0, 0, -0, 1, 0, -2.66956, 1.92852, 0, 1]
    shelfright:
      [0.983756, -0.179508, -0, 0, 0.179508, 0.983756, 0, 0, 0, -0, 1, 0, -0.196501, 2.03318, 0, 1]
    table1:
      [-0.999987, 0.00504285, 0, 0, -0.00504285, -0.999987, 0, 0, 0, 0, 1, 0, -0.141358, -0.847837, 0, 1]
    wheelchair:
      [-0.959675, 0.281113, 0, 0, -0.281113, -0.959675, 0, 0, 0, 0, 1, 0, -1.60709, -0.595692, 0, 1]
    poseeeftransport:
      [-0.415879, 0.909032, -0.0265498, 0, 0.0147884, -0.0224305, -0.999639, 0, -0.9093, -0.416121, -0.00411478, 0, 0.0386665, -0.469553, 0.873634, 1]
    facepreposition:
      [0.159593, 0.986365, -0.0401674, 0, -0.0427456, -0.0337461, -0.998516, 0, -0.986257, 0.161073, 0.0367771, 0, -0.702186, -0.0722662, 0.601618, 1]
