%YAML:1.0
aruco_bc_nmarkers: 2
aruco_bc_mInfoType: 0
aruco_bc_markers:
   - { id:779, corners:[ [ -250., -550., 0. ], [ 250., -550., 0. ], [
       250., -50., 0. ], [ -250., -50., 0. ] ] }
   - { id:710, corners:[ [ -250., 50., 0. ], [ 250., 50., 0. ], [ 250.,
       550., 0. ], [ -250., 550., 0. ] ] }
