image_width: 640
image_height: 480
camera_name: depth_PS1080_PrimeSense
camera_matrix:
  rows: 3
  cols: 3
  data: [558.7307538615865, 0, 323.5167370631571, 0, 559.9099996839069, 241.9042827113799, 0, 0, 1]
distortion_model: plumb_bob
distortion_coefficients:
  rows: 1
  cols: 5
  data: [-0.05443821196462807, 0.04851993379726078, 0.003638508811709345, 0.002441147459800994, 0]
rectification_matrix:
  rows: 3
  cols: 3
  data: [1, 0, 0, 0, 1, 0, 0, 0, 1]
projection_matrix:
  rows: 3
  cols: 4
  data: [551.1470336914062, 0, 324.5911677181575, 0, 0, 553.9685668945312, 242.6057049205901, 0, 0, 0, 1, 0]