image_width: 640
image_height: 480
camera_name: rgb_PS1080_PrimeSense
camera_matrix:
  rows: 3
  cols: 3
  data: [531.9638016504704, 0, 318.0675930676213, 0, 533.3528109075348, 228.8359201447038, 0, 0, 1]
distortion_model: plumb_bob
distortion_coefficients:
  rows: 1
  cols: 5
  data: [0.02372640419619314, -0.1088434190061501, -0.005711318624583382, -0.000261784400816318, 0]
rectification_matrix:
  rows: 3
  cols: 3
  data: [1, 0, 0, 0, 1, 0, 0, 0, 1]
projection_matrix:
  rows: 3
  cols: 4
  data: [528.3038330078125, 0, 317.3247277260816, 0, 0, 531.9224243164062, 226.4071208637306, 0, 0, 0, 1, 0]